Temp(K)	7.64-11.2	11.2-13.6	13.6-16.3	16.3-21.56	21.56-24.6	24.6-30.65	30.65-35.1	35.1-40.96	40.96-47.89	47.89-54.4	54.4-64.5	64.5-77.0	
3500.0	5.299355221909089e-13	1.181060522464707e-19	1.6709775946366589e-28	9.676754241333042e-34	3.4802604181825434e-44	2.0916113596723558e-50	1.319927065906686e-63	3.7130139605725374e-72	1.0230739594759537e-83	2.92233729066331e-98	1.94734170126752e-111	1.8798112693343705e-132	
3750.0	2.173756947267328e-12	1.6101877266764461e-18	2.7012026163056946e-27	3.060577739500787e-32	4.1522196713436833e-42	5.3580289216553526e-48	1.755401040638246e-60	1.4325378714077043e-68	1.6291049169056247e-79	2.785054756493929e-93	9.324075849280235e-106	1.2044012295959022e-125	
4000.0	4.625022735635722e-12	4.697512056581454e-18	1.1186793270579747e-26	1.933978432668648e-31	6.025639660884345e-41	1.251742361222897e-46	1.1440979419597283e-58	1.809726031983282e-66	4.96342656386814e-77	2.5672336776847236e-90	2.327477296012433e-102	1.483541695982659e-121	
4250.0	8.145288693019051e-12	7.901765388090643e-18	3.748945414639795e-26	8.953367960895992e-31	5.267828026802856e-40	1.5749074228338864e-45	3.159428536607672e-57	8.304046593950419e-65	4.483130117967931e-75	5.437608817768121e-88	1.0626382106462667e-99	2.323449648543528e-118	
4500.0	1.7929797346232306e-11	1.3915581015707886e-17	1.4347660957269332e-25	4.71884282086136e-30	5.21048949376061e-39	2.2339914932161638e-44	9.773317385389488e-56	4.252790306406495e-63	4.503641617242935e-73	1.2758166824098769e-85	5.359406385461754e-97	4.007293520735703e-115	
4750.0	1.0842032553707118e-10	6.51536417238256e-17	2.2490410128270227e-24	1.332503255066193e-28	4.668880907670453e-37	3.872732756880822e-42	7.056006665858172e-53	7.715287434439299e-60	2.8013381866429853e-69	3.732133909735954e-81	6.326131052308384e-92	4.436494655244367e-109	
5000.0	8.045888437711136e-10	1.0730513427631606e-15	5.876068846962826e-23	6.88390393177339e-27	9.136052129732743e-35	1.618224411546619e-39	1.5169543381993625e-49	4.766104271642869e-56	7.103825493804552e-65	5.546126283989586e-76	4.608658773331167e-86	4.114745713902938e-102	
5250.0	3.598346899668608e-09	1.7520183455003528e-14	1.2352424041142552e-21	2.7502751940087824e-25	1.2775949172599577e-32	4.617952616134899e-37	2.0221688540165836e-46	1.7156381452055714e-52	9.701048392582442e-61	4.01360556510631e-71	1.4947036021951026e-80	1.4714567598139137e-95	
5500.0	1.5347201040651526e-08	8.276027577887823e-14	1.5817558167908015e-20	5.7456001648687176e-24	6.937982531856481e-31	4.321327695223298e-35	6.137245937564133e-44	1.1118560194748853e-49	1.7458807172631286e-57	2.5910450383878448e-67	3.047636870530811e-76	1.8921506650656574e-90	
5750.0	7.57233572496624e-08	5.307046742739289e-13	2.372895246773979e-19	1.4325352331634936e-22	4.662956392671906e-29	5.1102030389209724e-33	2.461620700983441e-41	9.799418473747617e-47	4.451792128630598e-54	2.492197596208151e-63	9.689712524765256e-72	4.078365656952241e-85	
6000.0	2.8706829406087313e-07	2.4714279675598522e-12	1.2763578096948253e-18	1.1594238526501682e-21	8.372032183879394e-28	1.4444161023069189e-31	1.853462192505035e-39	1.3866001525804172e-44	1.4768383887858946e-51	2.3934516236472513e-60	2.4216409646619185e-68	4.696931199699553e-81	
6250.0	9.328154844953487e-07	9.851942171761702e-12	5.2396328492117535e-18	6.853012681750302e-21	1.0070179477966074e-26	2.6045054166290655e-30	8.00715333879372e-38	1.0511493169151584e-42	2.395729889628204e-49	1.0021358814757363e-57	2.3800835821431846e-65	1.8023863966330064e-77	
6500.0	2.6448611887940706e-06	3.361858111548946e-11	2.175334209025184e-17	3.9380625990074933e-20	1.090143987045358e-25	4.045611383690919e-29	2.7105484090343055e-36	5.874057272538297e-41	2.6398797060245877e-47	2.573833482029287e-55	1.3091498531141289e-62	3.3411033071869263e-74	
6750.0	6.582228059683602e-06	9.628689064347732e-11	9.314102069747166e-17	2.22506329600137e-19	1.0567616687330863e-24	5.336040263188504e-28	6.946117347869168e-35	2.3078755444152097e-39	1.8512504748053122e-45	3.7145990463351784e-53	3.618514498349686e-60	2.601720072977038e-71	
7000.0	1.4641331289547228e-05	2.5262834099248535e-10	3.595230442449967e-16	1.0992333288244718e-18	8.435837146520107e-24	5.601463630603488e-27	1.315863920954897e-33	6.390701514380409e-38	8.580254742267944e-44	3.269792761369761e-51	5.6740739703920674e-58	2.061569369207725e-46	
7250.0	2.967487710864369e-05	5.83915403314653e-10	1.3645488085680775e-15	5.123939835053524e-18	5.86194931563337e-23	4.889107330626026e-26	1.8774032456484808e-32	1.2506859105663472e-36	2.5786745710366375e-42	1.6764174771860681e-49	4.706029190461809e-56	2.2582723769775413e-45	
7500.0	5.645100829759652e-05	1.3156019546972484e-09	4.7165678734165665e-15	2.1174342066782608e-17	3.4257032993005715e-22	3.4825498645718307e-25	2.0487913152755587e-31	1.7955944188699935e-35	5.373710045104078e-41	5.554999130025815e-48	1.5743378694147394e-45	1.972297193878026e-45	
7750.0	0.00010717567201445579	3.0438748183098964e-09	1.666761058725547e-14	8.781105514834265e-17	1.937390930845072e-21	2.3510771598296056e-24	2.0266078744571013e-30	2.2707064300107394e-34	9.485295393930198e-40	8.376480327258322e-46	1.381093977239196e-45	1.730205331847432e-45	
8000.0	0.0002494400108071334	7.2305262520853164e-09	5.2767660846266866e-14	3.206358199146226e-16	9.325719787214535e-21	1.324724877633504e-23	1.6047748650374694e-29	2.196394776771596e-33	8.519693212201691e-46	7.378943201534933e-46	1.2166224495110338e-45	1.5241588796130862e-45	
8250.0	0.0008033589517881055	1.772477683219288e-08	1.661085571887005e-13	1.150408426812092e-15	4.309841133042602e-20	7.069682764972803e-23	1.1948909243006104e-27	1.2895821620614244e-31	7.534156151180056e-46	6.525365283274776e-46	1.0758865704835084e-45	1.3478479461873827e-45	
8500.0	0.0024291426058198544	4.5667086252464876e-08	5.24351749039159e-13	4.120339718515292e-15	2.6132555236262608e-18	4.55860234465401e-21	4.397429414100043e-27	5.739457702996575e-31	6.685980978423817e-46	5.790757091543539e-46	9.547661345016979e-46	1.1961108250464084e-45	
8750.0	0.006190729688545611	1.2653740757250765e-07	1.862538808256679e-12	7.21995999585379e-14	6.0781585413111634e-18	1.2068245488238153e-20	1.5415802069382398e-26	2.4145146932905378e-30	5.953255991649326e-46	5.1561408060637975e-46	8.50132124094984e-46	1.0650275492651532e-45	
9000.0	0.013693302140907592	3.590768761164817e-07	1.0907016434193707e-10	5.641009780201969e-13	1.4970717919832855e-17	3.41184631510691e-20	5.893127416444541e-26	1.1370528438659623e-29	-0.0	-0.0	-0.0	-0.0	
9250.0	0.02503006171725368	9.181381323082285e-07	1.8120448166372812e-10	1.0435281734292552e-12	3.491699876611807e-17	9.044216816755118e-20	2.151382518577755e-25	5.395794755924139e-29	4.804201300613631e-34	4.126950199605892e-46	6.804416464149145e-46	8.524429068842643e-46	
9500.0	0.03871140280160446	2.029516615477456e-06	2.95689987668631e-10	1.913408902219486e-12	8.275338472601511e-17	2.417341092872026e-19	8.510238793536377e-25	2.946052443616214e-28	7.664243620300864e-33	3.708461242454997e-46	6.11442191311868e-46	7.660018485049457e-46	
9750.0	0.05310298915585208	3.991723540810709e-06	4.862587612116188e-10	3.581043434525962e-12	2.1072368362893875e-16	6.875991664512814e-19	3.721542779991472e-24	1.7485574414426633e-27	7.16425746990517e-32	3.3415973807477558e-46	5.50954558072667e-46	6.902242205766097e-46	
10000.0	0.06734037480415617	7.290697308250771e-06	8.253045001628533e-10	7.068482787514965e-12	5.809449887984388e-16	2.0875196302004867e-18	1.6884380796190312e-23	1.0298609844622716e-26	5.964845453466673e-31	-0.0	-0.0	-0.0	
10250.0	0.08099693130272079	1.294825337660577e-05	1.4645977126225065e-09	1.4728800749088607e-11	1.6771741801908243e-15	6.5022756924578304e-18	7.535003437326067e-23	5.768628237890497e-26	4.515767367800178e-30	-0.0	-0.0	-0.0	
10500.0	0.09410222489821064	2.3503785722594733e-05	2.5678817588020092e-09	3.01110278482948e-11	4.643180547737511e-15	1.8765443225627632e-17	3.007389866056878e-22	2.830372196236263e-25	2.9207119885172274e-29	2.0347853816267504e-34	-0.0	-0.0	
10750.0	0.10666605804885845	4.658344082674863e-05	4.369530852944518e-09	5.910916317119701e-11	1.2140707716756306e-14	4.9137283868431205e-17	1.0581722745590158e-21	1.2033262159982165e-24	1.598842092319158e-28	2.7037317060448218e-33	-0.0	-0.0	
11000.0	0.11862411938833817	0.0001077538859459817	7.24311974245143e-09	1.1232700721130181e-10	3.042618622105881e-14	1.1861890830054395e-16	3.332108294789616e-21	4.485508539710735e-24	7.458142787031121e-28	1.7380466269374006e-32	-0.0	-0.0	
11250.0	0.13002152975590162	0.0002667435504822114	1.1746101150019943e-08	2.0769604421941763e-10	7.337543159432465e-14	2.6620134826057193e-16	9.46473837493442e-21	1.4800031776144487e-23	3.0172130950557745e-27	9.091280790847872e-32	-0.0	-0.0	
11500.0	0.14091071605034308	0.0006060627229330603	1.8491525245716544e-08	3.7105317335183385e-10	1.7087793215371e-13	5.547304628830785e-16	2.4382070471907036e-20	4.3765805352808486e-23	1.0758301147653813e-26	4.059040641831803e-31	-0.0	-0.0	
11750.0	0.15130097908761	0.0012021564175452252	2.8820373462328068e-08	6.585366469222954e-10	3.944755586183293e-13	1.1078658023571378e-15	5.91891118875808e-20	1.2014300248301565e-22	3.476127786790648e-26	1.5987549174914975e-30	1.2993562958974652e-34	-0.0	
12000.0	0.16133636211968114	0.0021067095654455237	4.5089207437874063e-08	1.1695855842609118e-09	9.012017262267673e-13	2.1663543073511327e-15	1.3770836701828076e-19	3.110029241269809e-22	1.038478686057916e-25	5.73157210753925e-30	8.577950056850361e-34	-0.0	
12250.0	0.17097633505135623	0.003340630408459524	6.954550520700642e-08	2.038286193244709e-09	2.0060294336604903e-12	4.129724160894359e-15	3.050070724410406e-19	7.561200036308911e-22	2.8720811689787605e-25	1.8671027990905886e-29	3.550386860390225e-33	-0.0	
12500.0	0.1803316384159913	0.004917687042626744	1.0589396052918575e-07	3.5139162479155903e-09	4.371059268000833e-12	7.737452385199256e-15	6.548140303023608e-19	1.7681825477561996e-21	7.537686990796148e-25	5.657381931206347e-29	1.2571711325780297e-32	-0.0	
12750.0	0.18936697527485158	0.006822068829743772	1.6285908804717107e-07	6.081427303930507e-09	9.396551877702457e-12	1.4675273717766646e-14	1.4173414835659503e-18	4.128729578432214e-21	1.9360010481535287e-24	1.63681803870206e-28	4.1465323328438833e-32	-0.0	
13000.0	0.198127517030767	0.009033293752160372	2.489627612017673e-07	1.0389111211218313e-08	1.9628144883013368e-11	2.848506071346215e-14	3.1172057066538502e-18	9.67703094344306e-21	4.8797164648308066e-24	4.555200861775355e-28	1.2889141361355825e-31	-0.0	
14000.0	0.23038117344593687	0.020558642850095902	1.2182659336366414e-06	7.490492112686098e-08	2.717494761879462e-10	4.497710376483842e-13	8.706410271421961e-17	3.611835647490638e-19	2.3867742254227114e-22	2.7608004203433795e-26	9.385607306069032e-30	1.6377729775148468e-35	
15000.0	0.25796047653049115	0.03528158744359106	4.8617034486117105e-06	4.0461341193122056e-07	2.3412430900838443e-09	5.89468555689451e-12	2.2916094053004778e-15	1.455586454899358e-17	1.5996661135529333e-20	2.972982554342777e-24	1.2649816237651443e-27	7.134313023672759e-33	
16000.0	0.280770853447215	0.051848425454282504	1.573277822557759e-05	1.680236297357278e-06	1.3989484746308179e-08	3.83173848521126e-11	2.6985002240898378e-14	2.550689692757432e-16	4.834895577307779e-19	1.7682804245432524e-22	1.3099150174953067e-25	1.612279445325239e-30	
17000.0	0.29925734821623906	0.06937678067170847	4.118827476576509e-05	5.405374210048841e-06	6.250703790770824e-08	1.729747347383578e-10	1.9174728482653342e-13	2.455453792077795e-15	7.073647456956966e-18	4.429284091940044e-21	4.675144650153943e-24	1.3178554893751318e-28	
18000.0	0.31401173242409613	0.08745877802933548	8.799229076389394e-05	1.3950999092383988e-05	2.1795975137751319e-07	6.193090971374474e-10	1.0026082567348091e-12	1.642917932136002e-14	6.602206951056234e-17	6.250908821122645e-20	6.945805466691767e-23	3.5334873645550216e-27	
19000.0	0.32578445134829165	0.1055864659574106	0.0001620744478194588	3.0287243917412354e-05	6.178854295438537e-07	1.7945355070438057e-09	4.057011145397665e-12	8.273822090583883e-14	4.511228009855536e-16	6.268599543375006e-19	5.984774354982035e-22	4.8906338613483923e-26	
20000.0	0.33519293467429995	0.12326508159305788	0.00027072533429000294	5.897744655070596e-05	1.5345827178278034e-06	4.772996846069123e-09	1.494645839879557e-11	3.7364613258932397e-13	2.7236874349214203e-15	5.398278213848979e-18	3.876206995207432e-21	4.587802709090494e-25	
21000.0	0.3428272573780491	0.14001221559903376	0.0004245610329164894	0.00010627041720510352	3.4730802334471428e-06	1.1829476131145943e-08	5.017158559417985e-11	1.4908754058212955e-12	1.4168442764993836e-14	3.898546671147981e-17	1.9965304747536894e-20	3.202443321742144e-24	
22000.0	0.3490902276348867	0.15545266803622307	0.0006427722431348619	0.0001842373067629151	7.498197328331697e-06	2.9189122780068365e-08	1.683120473870919e-10	5.764592426825552e-12	7.07031119314388e-14	2.6479648984733355e-16	9.145728936734778e-20	1.9586850318820212e-23	
23000.0	0.35419512815973153	0.16950327231504855	0.0009644747566842473	0.00031595797674729303	1.597890218132373e-05	7.495500542642394e-08	5.790099075691983e-10	2.1503470027729924e-11	3.2844794862008453e-13	1.6014675945813312e-15	4.0001613791829346e-19	1.1322452403442084e-22	
24000.0	0.35830581218269936	0.18213896022808865	0.0014547092417495195	0.0005463652623874489	3.427189348076841e-05	2.042052159802138e-07	2.0883206376139566e-09	7.766410686751413e-11	1.4436741629699507e-12	8.932957520793962e-15	1.6791030633143817e-18	6.352217698178231e-22	
25000.0	0.36147899941737827	0.19342998732241673	0.002204413188223264	0.0009487089625846987	7.307055118726249e-05	5.853118477983847e-07	7.636543080034586e-09	2.6150140107646897e-10	5.7293098488460175e-12	4.294617504427842e-14	7.321770202761103e-18	3.75331067579795e-21	
26000.0	0.36365056249817274	0.20334519860923214	0.003305874643649061	0.0016214392383692847	0.00015171760440095243	1.6910042020972163e-06	2.7356467776929453e-08	8.159624957053482e-10	2.089633944792607e-11	1.887015143300073e-13	3.312773519651866e-17	2.246862604757967e-20	
27000.0	0.36467861855655764	0.21173703195984894	0.004855454896445345	0.0027006889499180046	0.0003065696308460532	4.70193639693091e-06	9.080600185181386e-08	2.534724764944405e-09	7.515569966274225e-11	8.023794214857606e-13	1.4134992085521237e-16	1.271520662975097e-19	
28000.0	0.3641874616889797	0.21859152118575062	0.007054310298174733	0.004458993523845492	0.0006220368060396518	1.2797594244422602e-05	2.9781678317510107e-07	8.745301487827108e-09	2.962690525491213e-10	3.678148704395668e-12	6.187645731149589e-16	7.738253629434758e-19	
29000.0	0.3616619963739464	0.22361482328488402	0.010337856216815053	0.007496934752788199	0.0012925077342138386	3.4635052913038795e-05	1.0227107854971393e-06	3.8847172956878204e-08	1.433087875620758e-09	1.9916112955531978e-11	2.807113675959632e-15	4.957601075254071e-18	
30000.0	0.35661370816719484	0.22649123226013215	0.015314282959829444	0.012786195615814601	0.0026388287127103584	9.446813404671205e-05	3.7370349541799957e-06	2.018300363376628e-07	7.278123555122043e-09	1.0829614382824644e-10	1.2720508650886348e-14	3.191205590962441e-17	
31000.0	0.34861964740603524	0.22683943947462515	0.022451035911437225	0.021317915575977293	0.004970912431554	0.00025004522761053357	1.3414378536978492e-05	1.0112099034061355e-06	3.426787587319193e-08	5.469352951831455e-10	5.3054880007520025e-14	1.8675776169388556e-16	
32000.0	0.33800412939250485	0.22453843450882208	0.03161995442747569	0.033302545045663635	0.008339167077678213	0.0006163850378701832	4.418627222043857e-05	4.166415235159237e-06	1.4133401990982363e-07	2.4450776869882886e-09	1.9156018802314703e-13	9.112330607163577e-16	
33000.0	0.3258370379789143	0.2204591060965787	0.0420256231962758	0.04771632124823637	0.012455098932735206	0.0014120176051528345	0.00013512600708271533	1.3921694065923324e-05	4.6326761679370134e-07	8.615663926974325e-09	5.86384024361885e-13	3.515211911760451e-15	
34000.0	0.3128073423261341	0.21491523812328353	0.052829455844528715	0.0632670390145038	0.017022247115749057	0.0032270065965934545	0.0004059495738692582	4.03979970782937e-05	1.2773908386943454e-06	2.583940122427117e-08	1.601762815829475e-12	1.1618712322210775e-14	
35000.0	0.29947343962653844	0.2083276464713064	0.06281331089095173	0.07844508608297909	0.021766343686695163	0.007250576384167411	0.0010599278069336263	0.0001018287763272586	3.2881173745232165e-06	7.371530677308743e-08	4.174916259956614e-12	3.4891055636774514e-14	
36000.0	0.28614520471539817	0.20092692803157042	0.07100789335161815	0.09222734334956248	0.026532207420972016	0.014458338262570734	0.002183289435493459	0.00021273997540201758	8.055980615420039e-06	1.964496043021851e-07	1.0508109394309694e-11	9.570872299049253e-14	
37000.0	0.2730828272099409	0.19308900437333829	0.07722680488205598	0.10431772134079627	0.031268166357760425	0.02451119226909575	0.0036457787786596313	0.0003731652222856312	1.9035562663809045e-05	4.7327611289121714e-07	2.4539883530083858e-11	2.472525204345599e-13	
38000.0	0.26037285049596176	0.18505499058736458	0.08198348108433573	0.11509961617317667	0.035996511529020774	0.03611191451204778	0.005244652270266732	0.0005791335500723554	5.056365917413008e-05	1.0206584005268281e-06	5.6808990622165495e-11	6.446179840351904e-13	
39000.0	0.24812373639771865	0.1770555277634118	0.0858377858327788	0.12500967475533845	0.04075998981089531	0.04789302778421354	0.006830749437286304	0.0008326069313763403	0.00016007038644590566	2.0242523433784326e-06	1.1449573593313661e-10	1.544103316096661e-12	